# 生成时间: 2026-01-21 15:42:55
# 处理文件: YYY.pdb
405 3
308.06999999999999317879 0.00192466464099999872 15.00000000000000000000 1.00000000000000000000
317.12000000000000454747 0.00007315380900000007 15.00000000000000000000 1.00000000000000000000
325.10000000000002273737 0.12791423780100000251 15.00000000000000000000 1.00000000000000000000
336.04000000000002046363 0.00129218680900000009 15.00000000000000000000 1.00000000000000000000
340.80000000000001136868 0.00013978332899999832 15.00000000000000000000 1.00000000000000000000
353.00000000000000000000 0.00236623873600000411 15.00000000000000000000 1.00000000000000000000
360.08999999999997498890 0.10747906559999993725 15.00000000000000000000 1.00000000000000000000
371.61000000000001364242 0.01038238723600000586 15.00000000000000000000 1.00000000000000000000
382.00999999999999090505 0.00090938433599999991 15.00000000000000000000 1.00000000000000000000
399.29000000000002046363 0.00524349774399999764 15.00000000000000000000 1.00000000000000000000
422.67000000000001591616 0.00108979214399999901 15.00000000000000000000 1.00000000000000000000
425.16000000000002501110 0.00047589422500000006 15.00000000000000000000 1.00000000000000000000
426.27999999999997271516 0.00026008012899999953 15.00000000000000000000 1.00000000000000000000
428.72000000000002728484 0.03150944508099998154 15.00000000000000000000 1.00000000000000000000
435.18999999999999772626 0.06968280062499997152 15.00000000000000000000 1.00000000000000000000
438.81999999999999317879 0.02505382465600000316 15.00000000000000000000 1.00000000000000000000
439.72000000000002728484 0.00680790010000000001 15.00000000000000000000 1.00000000000000000000
454.39999999999997726263 0.00359364280899999826 15.00000000000000000000 1.00000000000000000000
486.17000000000001591616 0.00655484544399999921 15.00000000000000000000 1.00000000000000000000
492.60000000000002273737 0.07384099716899999999 15.00000000000000000000 1.00000000000000000000
500.55000000000001136868 0.10850238360899992773 15.00000000000000000000 1.00000000000000000000
504.89999999999997726263 0.00077701562499999884 15.00000000000000000000 1.00000000000000000000
511.14999999999997726263 0.00035815562499999992 15.00000000000000000000 1.00000000000000000000
525.02999999999997271516 0.03774083290000000007 15.00000000000000000000 1.00000000000000000000
547.17999999999994997779 0.04702045296400000213 15.00000000000000000000 1.00000000000000000000
550.00999999999999090505 0.00129355315599999940 15.00000000000000000000 1.00000000000000000000
554.52999999999997271516 0.00011166148900000000 15.00000000000000000000 1.00000000000000000000
564.76999999999998181011 0.07222118759999987536 15.00000000000000000000 1.00000000000000000000
595.08000000000004092726 0.01156420636899999077 15.00000000000000000000 1.00000000000000000000
654.25999999999999090505 1.22205507715599970275 15.00000000000000000000 1.00000000000000000000
654.71000000000003637979 0.00159177060899999947 15.00000000000000000000 1.00000000000000000000
655.49000000000000909495 0.10097014656400006560 15.00000000000000000000 1.00000000000000000000
675.75999999999999090505 0.02090597892100002839 15.00000000000000000000 1.00000000000000000000
696.69000000000005456968 0.01893706254399999192 15.00000000000000000000 1.00000000000000000000
712.38999999999998635758 0.37792862808100008420 15.00000000000000000000 1.00000000000000000000
718.79999999999995452526 0.35552121753599974507 15.00000000000000000000 1.00000000000000000000
723.32000000000005002221 0.00192896639999999889 15.00000000000000000000 1.00000000000000000000
738.01999999999998181011 0.03848894659600000240 15.00000000000000000000 1.00000000000000000000
743.15999999999996816769 0.10291713124899998233 15.00000000000000000000 1.00000000000000000000
747.24000000000000909495 0.00403466336100000069 15.00000000000000000000 1.00000000000000000000
758.52999999999997271516 0.02603608144899998214 15.00000000000000000000 1.00000000000000000000
803.82000000000005002221 1.38960244659599996275 15.00000000000000000000 1.00000000000000000000
805.44000000000005456968 0.64429036632899960857 15.00000000000000000000 1.00000000000000000000
814.69000000000005456968 0.02750091555600000376 15.00000000000000000000 1.00000000000000000000
823.95000000000004547474 0.01730671802499998690 15.00000000000000000000 1.00000000000000000000
827.12000000000000454747 0.00816727912899998902 15.00000000000000000000 1.00000000000000000000
829.63999999999998635758 0.16231874054400002860 15.00000000000000000000 1.00000000000000000000
839.15999999999996816769 0.32181680952099994686 15.00000000000000000000 1.00000000000000000000
841.73000000000001818989 0.10805420865599996150 15.00000000000000000000 1.00000000000000000000
842.89999999999997726263 1.65665730054400017757 15.00000000000000000000 1.00000000000000000000
860.00999999999999090505 0.22288879632099994899 15.00000000000000000000 1.00000000000000000000
864.76999999999998181011 5.35009390272899754137 15.00000000000000000000 1.00000000000000000000
868.53999999999996362021 0.96509600644899995459 15.00000000000000000000 1.00000000000000000000
881.75999999999999090505 0.08441116729600001145 15.00000000000000000000 1.00000000000000000000
888.38999999999998635758 0.00533133625599999540 15.00000000000000000000 1.00000000000000000000
897.00000000000000000000 0.17391735715599992984 15.00000000000000000000 1.00000000000000000000
931.67999999999994997779 0.09840580780900000379 15.00000000000000000000 1.00000000000000000000
950.20000000000004547474 0.00036427539600000010 15.00000000000000000000 1.00000000000000000000
956.49000000000000909495 0.00011378488900000025 15.00000000000000000000 1.00000000000000000000
957.86000000000001364242 0.06073168784399999437 15.00000000000000000000 1.00000000000000000000
964.14999999999997726263 0.00379911976899999530 15.00000000000000000000 1.00000000000000000000
976.72000000000002728484 0.49304973062499951597 15.00000000000000000000 1.00000000000000000000
979.05999999999994543032 0.00000190716100000000 15.00000000000000000000 1.00000000000000000000
979.25000000000000000000 0.04374330420099997729 15.00000000000000000000 1.00000000000000000000
981.50999999999999090505 0.01072695204099999994 15.00000000000000000000 1.00000000000000000000
1010.96000000000003637979 0.48087012870399958864 15.00000000000000000000 1.00000000000000000000
1019.60000000000002273737 0.00001649984399999972 15.00000000000000000000 1.00000000000000000000
1030.41000000000008185452 0.16455922428099994947 15.00000000000000000000 1.00000000000000000000
1030.52999999999997271516 0.16743727448099998689 15.00000000000000000000 1.00000000000000000000
1031.53999999999996362021 0.01196814120099999948 15.00000000000000000000 1.00000000000000000000
1033.39000000000010004442 0.72434397505599956713 15.00000000000000000000 1.00000000000000000000
1060.58999999999991814548 0.43449190559999922856 15.00000000000000000000 1.00000000000000000000
1088.42000000000007275958 0.59290616001600005003 15.00000000000000000000 1.00000000000000000000
1093.01999999999998181011 0.00553104564099999706 15.00000000000000000000 1.00000000000000000000
1109.00999999999999090505 0.00143042804100000122 15.00000000000000000000 1.00000000000000000000
1120.71000000000003637979 0.05446995854400000364 15.00000000000000000000 1.00000000000000000000
1123.27999999999997271516 0.02435409936399998351 15.00000000000000000000 1.00000000000000000000
1133.67000000000007275958 0.03992643385600001815 15.00000000000000000000 1.00000000000000000000
1148.19000000000005456968 0.25336826944900003866 15.00000000000000000000 1.00000000000000000000
1175.49000000000000909495 1.64170918926400033477 15.00000000000000000000 1.00000000000000000000
1181.34999999999990905053 0.89025452208899946704 15.00000000000000000000 1.00000000000000000000
1183.58999999999991814548 1.59267428814399969461 15.00000000000000000000 1.00000000000000000000
1186.58999999999991814548 0.01363406522499999857 15.00000000000000000000 1.00000000000000000000
1187.23000000000001818989 0.04427783892899997409 15.00000000000000000000 1.00000000000000000000
1191.84999999999990905053 0.85948659722500009295 15.00000000000000000000 1.00000000000000000000
1204.49000000000000909495 0.02741375604099997171 15.00000000000000000000 1.00000000000000000000
1213.89000000000010004442 0.27129409788099984047 15.00000000000000000000 1.00000000000000000000
1229.31999999999993633537 0.87247555609600002668 15.00000000000000000000 1.00000000000000000000
1230.36999999999989086064 2.90754334310399853436 15.00000000000000000000 1.00000000000000000000
1232.26999999999998181011 2.07349056144399979118 15.00000000000000000000 1.00000000000000000000
1245.96000000000003637979 1.46831140412099880876 15.00000000000000000000 1.00000000000000000000
1247.16000000000008185452 3.27013695590399988689 15.00000000000000000000 1.00000000000000000000
1248.52999999999997271516 2.31915740288399829794 15.00000000000000000000 1.00000000000000000000
1251.59999999999990905053 1.61658510249999998187 15.00000000000000000000 1.00000000000000000000
1257.09999999999990905053 0.13311917102499998267 15.00000000000000000000 1.00000000000000000000
1270.99000000000000909495 0.00002161320100000003 15.00000000000000000000 1.00000000000000000000
1288.41000000000008185452 0.00097063402499999974 15.00000000000000000000 1.00000000000000000000
1312.13000000000010913936 0.26267060019599980381 15.00000000000000000000 1.00000000000000000000
1329.22000000000002728484 0.27363256380099987286 15.00000000000000000000 1.00000000000000000000
1332.86999999999989086064 0.44635092902499967638 15.00000000000000000000 1.00000000000000000000
1337.96000000000003637979 0.02928684595600002105 15.00000000000000000000 1.00000000000000000000
1345.76999999999998181011 0.01673349216400000020 15.00000000000000000000 1.00000000000000000000
1350.32999999999992724042 0.04680645710400000575 15.00000000000000000000 1.00000000000000000000
1355.64000000000010004442 0.31469631648399998269 15.00000000000000000000 1.00000000000000000000
1356.61999999999989086064 0.05792638104099997326 15.00000000000000000000 1.00000000000000000000
1361.85999999999989995558 0.16776806402499988558 15.00000000000000000000 1.00000000000000000000
1364.00999999999999090505 0.07250310169600000798 15.00000000000000000000 1.00000000000000000000
1366.81999999999993633537 0.00644792940099999951 15.00000000000000000000 1.00000000000000000000
1383.18000000000006366463 0.83636877902399997531 15.00000000000000000000 1.00000000000000000000
1385.70000000000004547474 0.97830891902499994561 15.00000000000000000000 1.00000000000000000000
1410.61999999999989086064 0.41947642889999975369 15.00000000000000000000 1.00000000000000000000
1441.08999999999991814548 0.00207616922500000224 15.00000000000000000000 1.00000000000000000000
1463.04999999999995452526 0.00751879752099999469 15.00000000000000000000 1.00000000000000000000
1463.82999999999992724042 0.01552964592399999448 15.00000000000000000000 1.00000000000000000000
1464.14000000000010004442 0.00197553580899999985 15.00000000000000000000 1.00000000000000000000
1471.03999999999996362021 0.00045911632900000094 15.00000000000000000000 1.00000000000000000000
1472.66000000000008185452 0.16967231956899980760 15.00000000000000000000 1.00000000000000000000
1484.34999999999990905053 0.18271948684899996795 15.00000000000000000000 1.00000000000000000000
1486.03999999999996362021 0.15791165916099972333 15.00000000000000000000 1.00000000000000000000
1518.90000000000009094947 0.24298392835599999517 15.00000000000000000000 1.00000000000000000000
1531.72000000000002728484 0.00276528739599999880 15.00000000000000000000 1.00000000000000000000
1531.89000000000010004442 0.01755519001600000170 15.00000000000000000000 1.00000000000000000000
1532.40000000000009094947 0.00720104988100000055 15.00000000000000000000 1.00000000000000000000
1563.30999999999994543032 0.10074022081599989797 15.00000000000000000000 1.00000000000000000000
1576.47000000000002728484 0.25650780915599963317 15.00000000000000000000 1.00000000000000000000
1600.09999999999990905053 0.08821791022499991808 15.00000000000000000000 1.00000000000000000000
1623.38000000000010913936 0.39884277159999970142 15.00000000000000000000 1.00000000000000000000
1632.21000000000003637979 0.38577514766399972901 15.00000000000000000000 1.00000000000000000000
1632.76999999999998181011 0.84090917412099963624 15.00000000000000000000 1.00000000000000000000
1633.05999999999994543032 0.59537427602499992663 15.00000000000000000000 1.00000000000000000000
1633.36999999999989086064 0.12765900243600000752 15.00000000000000000000 1.00000000000000000000
1644.43000000000006366463 0.78976280659599951139 15.00000000000000000000 1.00000000000000000000
1644.96000000000003637979 0.36218851604100005259 15.00000000000000000000 1.00000000000000000000
1646.24000000000000909495 2.42404348035600003541 15.00000000000000000000 1.00000000000000000000
1666.06999999999993633537 1.27148175999999946129 15.00000000000000000000 1.00000000000000000000
308.06999999999999317879 0.00192466464099999872 15.00000000000000000000 2.00000000000000000000
317.12000000000000454747 0.00007315380900000007 15.00000000000000000000 2.00000000000000000000
325.10000000000002273737 0.12791423780100000251 15.00000000000000000000 2.00000000000000000000
336.04000000000002046363 0.00129218680900000009 15.00000000000000000000 2.00000000000000000000
340.80000000000001136868 0.00013978332899999832 15.00000000000000000000 2.00000000000000000000
353.00000000000000000000 0.00236623873600000411 15.00000000000000000000 2.00000000000000000000
360.08999999999997498890 0.10747906559999993725 15.00000000000000000000 2.00000000000000000000
371.61000000000001364242 0.01038238723600000586 15.00000000000000000000 2.00000000000000000000
382.00999999999999090505 0.00090938433599999991 15.00000000000000000000 2.00000000000000000000
399.29000000000002046363 0.00524349774399999764 15.00000000000000000000 2.00000000000000000000
422.67000000000001591616 0.00108979214399999901 15.00000000000000000000 2.00000000000000000000
425.16000000000002501110 0.00047589422500000006 15.00000000000000000000 2.00000000000000000000
426.27999999999997271516 0.00026008012899999953 15.00000000000000000000 2.00000000000000000000
428.72000000000002728484 0.03150944508099998154 15.00000000000000000000 2.00000000000000000000
435.18999999999999772626 0.06968280062499997152 15.00000000000000000000 2.00000000000000000000
438.81999999999999317879 0.02505382465600000316 15.00000000000000000000 2.00000000000000000000
439.72000000000002728484 0.00680790010000000001 15.00000000000000000000 2.00000000000000000000
454.39999999999997726263 0.00359364280899999826 15.00000000000000000000 2.00000000000000000000
486.17000000000001591616 0.00655484544399999921 15.00000000000000000000 2.00000000000000000000
492.60000000000002273737 0.07384099716899999999 15.00000000000000000000 2.00000000000000000000
500.55000000000001136868 0.10850238360899992773 15.00000000000000000000 2.00000000000000000000
504.89999999999997726263 0.00077701562499999884 15.00000000000000000000 2.00000000000000000000
511.14999999999997726263 0.00035815562499999992 15.00000000000000000000 2.00000000000000000000
525.02999999999997271516 0.03774083290000000007 15.00000000000000000000 2.00000000000000000000
547.17999999999994997779 0.04702045296400000213 15.00000000000000000000 2.00000000000000000000
550.00999999999999090505 0.00129355315599999940 15.00000000000000000000 2.00000000000000000000
554.52999999999997271516 0.00011166148900000000 15.00000000000000000000 2.00000000000000000000
564.76999999999998181011 0.07222118759999987536 15.00000000000000000000 2.00000000000000000000
595.08000000000004092726 0.01156420636899999077 15.00000000000000000000 2.00000000000000000000
654.25999999999999090505 1.22205507715599970275 15.00000000000000000000 2.00000000000000000000
654.71000000000003637979 0.00159177060899999947 15.00000000000000000000 2.00000000000000000000
655.49000000000000909495 0.10097014656400006560 15.00000000000000000000 2.00000000000000000000
675.75999999999999090505 0.02090597892100002839 15.00000000000000000000 2.00000000000000000000
696.69000000000005456968 0.01893706254399999192 15.00000000000000000000 2.00000000000000000000
712.38999999999998635758 0.37792862808100008420 15.00000000000000000000 2.00000000000000000000
718.79999999999995452526 0.35552121753599974507 15.00000000000000000000 2.00000000000000000000
723.32000000000005002221 0.00192896639999999889 15.00000000000000000000 2.00000000000000000000
738.01999999999998181011 0.03848894659600000240 15.00000000000000000000 2.00000000000000000000
743.15999999999996816769 0.10291713124899998233 15.00000000000000000000 2.00000000000000000000
747.24000000000000909495 0.00403466336100000069 15.00000000000000000000 2.00000000000000000000
758.52999999999997271516 0.02603608144899998214 15.00000000000000000000 2.00000000000000000000
803.82000000000005002221 1.38960244659599996275 15.00000000000000000000 2.00000000000000000000
805.44000000000005456968 0.64429036632899960857 15.00000000000000000000 2.00000000000000000000
814.69000000000005456968 0.02750091555600000376 15.00000000000000000000 2.00000000000000000000
823.95000000000004547474 0.01730671802499998690 15.00000000000000000000 2.00000000000000000000
827.12000000000000454747 0.00816727912899998902 15.00000000000000000000 2.00000000000000000000
829.63999999999998635758 0.16231874054400002860 15.00000000000000000000 2.00000000000000000000
839.15999999999996816769 0.32181680952099994686 15.00000000000000000000 2.00000000000000000000
841.73000000000001818989 0.10805420865599996150 15.00000000000000000000 2.00000000000000000000
842.89999999999997726263 1.65665730054400017757 15.00000000000000000000 2.00000000000000000000
860.00999999999999090505 0.22288879632099994899 15.00000000000000000000 2.00000000000000000000
864.76999999999998181011 5.35009390272899754137 15.00000000000000000000 2.00000000000000000000
868.53999999999996362021 0.96509600644899995459 15.00000000000000000000 2.00000000000000000000
881.75999999999999090505 0.08441116729600001145 15.00000000000000000000 2.00000000000000000000
888.38999999999998635758 0.00533133625599999540 15.00000000000000000000 2.00000000000000000000
897.00000000000000000000 0.17391735715599992984 15.00000000000000000000 2.00000000000000000000
931.67999999999994997779 0.09840580780900000379 15.00000000000000000000 2.00000000000000000000
950.20000000000004547474 0.00036427539600000010 15.00000000000000000000 2.00000000000000000000
956.49000000000000909495 0.00011378488900000025 15.00000000000000000000 2.00000000000000000000
957.86000000000001364242 0.06073168784399999437 15.00000000000000000000 2.00000000000000000000
964.14999999999997726263 0.00379911976899999530 15.00000000000000000000 2.00000000000000000000
976.72000000000002728484 0.49304973062499951597 15.00000000000000000000 2.00000000000000000000
979.05999999999994543032 0.00000190716100000000 15.00000000000000000000 2.00000000000000000000
979.25000000000000000000 0.04374330420099997729 15.00000000000000000000 2.00000000000000000000
981.50999999999999090505 0.01072695204099999994 15.00000000000000000000 2.00000000000000000000
1010.96000000000003637979 0.48087012870399958864 15.00000000000000000000 2.00000000000000000000
1019.60000000000002273737 0.00001649984399999972 15.00000000000000000000 2.00000000000000000000
1030.41000000000008185452 0.16455922428099994947 15.00000000000000000000 2.00000000000000000000
1030.52999999999997271516 0.16743727448099998689 15.00000000000000000000 2.00000000000000000000
1031.53999999999996362021 0.01196814120099999948 15.00000000000000000000 2.00000000000000000000
1033.39000000000010004442 0.72434397505599956713 15.00000000000000000000 2.00000000000000000000
1060.58999999999991814548 0.43449190559999922856 15.00000000000000000000 2.00000000000000000000
1088.42000000000007275958 0.59290616001600005003 15.00000000000000000000 2.00000000000000000000
1093.01999999999998181011 0.00553104564099999706 15.00000000000000000000 2.00000000000000000000
1109.00999999999999090505 0.00143042804100000122 15.00000000000000000000 2.00000000000000000000
1120.71000000000003637979 0.05446995854400000364 15.00000000000000000000 2.00000000000000000000
1123.27999999999997271516 0.02435409936399998351 15.00000000000000000000 2.00000000000000000000
1133.67000000000007275958 0.03992643385600001815 15.00000000000000000000 2.00000000000000000000
1148.19000000000005456968 0.25336826944900003866 15.00000000000000000000 2.00000000000000000000
1175.49000000000000909495 1.64170918926400033477 15.00000000000000000000 2.00000000000000000000
1181.34999999999990905053 0.89025452208899946704 15.00000000000000000000 2.00000000000000000000
1183.58999999999991814548 1.59267428814399969461 15.00000000000000000000 2.00000000000000000000
1186.58999999999991814548 0.01363406522499999857 15.00000000000000000000 2.00000000000000000000
1187.23000000000001818989 0.04427783892899997409 15.00000000000000000000 2.00000000000000000000
1191.84999999999990905053 0.85948659722500009295 15.00000000000000000000 2.00000000000000000000
1204.49000000000000909495 0.02741375604099997171 15.00000000000000000000 2.00000000000000000000
1213.89000000000010004442 0.27129409788099984047 15.00000000000000000000 2.00000000000000000000
1229.31999999999993633537 0.87247555609600002668 15.00000000000000000000 2.00000000000000000000
1230.36999999999989086064 2.90754334310399853436 15.00000000000000000000 2.00000000000000000000
1232.26999999999998181011 2.07349056144399979118 15.00000000000000000000 2.00000000000000000000
1245.96000000000003637979 1.46831140412099880876 15.00000000000000000000 2.00000000000000000000
1247.16000000000008185452 3.27013695590399988689 15.00000000000000000000 2.00000000000000000000
1248.52999999999997271516 2.31915740288399829794 15.00000000000000000000 2.00000000000000000000
1251.59999999999990905053 1.61658510249999998187 15.00000000000000000000 2.00000000000000000000
1257.09999999999990905053 0.13311917102499998267 15.00000000000000000000 2.00000000000000000000
1270.99000000000000909495 0.00002161320100000003 15.00000000000000000000 2.00000000000000000000
1288.41000000000008185452 0.00097063402499999974 15.00000000000000000000 2.00000000000000000000
1312.13000000000010913936 0.26267060019599980381 15.00000000000000000000 2.00000000000000000000
1329.22000000000002728484 0.27363256380099987286 15.00000000000000000000 2.00000000000000000000
1332.86999999999989086064 0.44635092902499967638 15.00000000000000000000 2.00000000000000000000
1337.96000000000003637979 0.02928684595600002105 15.00000000000000000000 2.00000000000000000000
1345.76999999999998181011 0.01673349216400000020 15.00000000000000000000 2.00000000000000000000
1350.32999999999992724042 0.04680645710400000575 15.00000000000000000000 2.00000000000000000000
1355.64000000000010004442 0.31469631648399998269 15.00000000000000000000 2.00000000000000000000
1356.61999999999989086064 0.05792638104099997326 15.00000000000000000000 2.00000000000000000000
1361.85999999999989995558 0.16776806402499988558 15.00000000000000000000 2.00000000000000000000
1364.00999999999999090505 0.07250310169600000798 15.00000000000000000000 2.00000000000000000000
1366.81999999999993633537 0.00644792940099999951 15.00000000000000000000 2.00000000000000000000
1383.18000000000006366463 0.83636877902399997531 15.00000000000000000000 2.00000000000000000000
1385.70000000000004547474 0.97830891902499994561 15.00000000000000000000 2.00000000000000000000
1410.61999999999989086064 0.41947642889999975369 15.00000000000000000000 2.00000000000000000000
1441.08999999999991814548 0.00207616922500000224 15.00000000000000000000 2.00000000000000000000
1463.04999999999995452526 0.00751879752099999469 15.00000000000000000000 2.00000000000000000000
1463.82999999999992724042 0.01552964592399999448 15.00000000000000000000 2.00000000000000000000
1464.14000000000010004442 0.00197553580899999985 15.00000000000000000000 2.00000000000000000000
1471.03999999999996362021 0.00045911632900000094 15.00000000000000000000 2.00000000000000000000
1472.66000000000008185452 0.16967231956899980760 15.00000000000000000000 2.00000000000000000000
1484.34999999999990905053 0.18271948684899996795 15.00000000000000000000 2.00000000000000000000
1486.03999999999996362021 0.15791165916099972333 15.00000000000000000000 2.00000000000000000000
1518.90000000000009094947 0.24298392835599999517 15.00000000000000000000 2.00000000000000000000
1531.72000000000002728484 0.00276528739599999880 15.00000000000000000000 2.00000000000000000000
1531.89000000000010004442 0.01755519001600000170 15.00000000000000000000 2.00000000000000000000
1532.40000000000009094947 0.00720104988100000055 15.00000000000000000000 2.00000000000000000000
1563.30999999999994543032 0.10074022081599989797 15.00000000000000000000 2.00000000000000000000
1576.47000000000002728484 0.25650780915599963317 15.00000000000000000000 2.00000000000000000000
1600.09999999999990905053 0.08821791022499991808 15.00000000000000000000 2.00000000000000000000
1623.38000000000010913936 0.39884277159999970142 15.00000000000000000000 2.00000000000000000000
1632.21000000000003637979 0.38577514766399972901 15.00000000000000000000 2.00000000000000000000
1632.76999999999998181011 0.84090917412099963624 15.00000000000000000000 2.00000000000000000000
1633.05999999999994543032 0.59537427602499992663 15.00000000000000000000 2.00000000000000000000
1633.36999999999989086064 0.12765900243600000752 15.00000000000000000000 2.00000000000000000000
1644.43000000000006366463 0.78976280659599951139 15.00000000000000000000 2.00000000000000000000
1644.96000000000003637979 0.36218851604100005259 15.00000000000000000000 2.00000000000000000000
1646.24000000000000909495 2.42404348035600003541 15.00000000000000000000 2.00000000000000000000
1666.06999999999993633537 1.27148175999999946129 15.00000000000000000000 2.00000000000000000000
308.06999999999999317879 0.00192466464099999872 15.00000000000000000000 3.00000000000000000000
317.12000000000000454747 0.00007315380900000007 15.00000000000000000000 3.00000000000000000000
325.10000000000002273737 0.12791423780100000251 15.00000000000000000000 3.00000000000000000000
336.04000000000002046363 0.00129218680900000009 15.00000000000000000000 3.00000000000000000000
340.80000000000001136868 0.00013978332899999832 15.00000000000000000000 3.00000000000000000000
353.00000000000000000000 0.00236623873600000411 15.00000000000000000000 3.00000000000000000000
360.08999999999997498890 0.10747906559999993725 15.00000000000000000000 3.00000000000000000000
371.61000000000001364242 0.01038238723600000586 15.00000000000000000000 3.00000000000000000000
382.00999999999999090505 0.00090938433599999991 15.00000000000000000000 3.00000000000000000000
399.29000000000002046363 0.00524349774399999764 15.00000000000000000000 3.00000000000000000000
422.67000000000001591616 0.00108979214399999901 15.00000000000000000000 3.00000000000000000000
425.16000000000002501110 0.00047589422500000006 15.00000000000000000000 3.00000000000000000000
426.27999999999997271516 0.00026008012899999953 15.00000000000000000000 3.00000000000000000000
428.72000000000002728484 0.03150944508099998154 15.00000000000000000000 3.00000000000000000000
435.18999999999999772626 0.06968280062499997152 15.00000000000000000000 3.00000000000000000000
438.81999999999999317879 0.02505382465600000316 15.00000000000000000000 3.00000000000000000000
439.72000000000002728484 0.00680790010000000001 15.00000000000000000000 3.00000000000000000000
454.39999999999997726263 0.00359364280899999826 15.00000000000000000000 3.00000000000000000000
486.17000000000001591616 0.00655484544399999921 15.00000000000000000000 3.00000000000000000000
492.60000000000002273737 0.07384099716899999999 15.00000000000000000000 3.00000000000000000000
500.55000000000001136868 0.10850238360899992773 15.00000000000000000000 3.00000000000000000000
504.89999999999997726263 0.00077701562499999884 15.00000000000000000000 3.00000000000000000000
511.14999999999997726263 0.00035815562499999992 15.00000000000000000000 3.00000000000000000000
525.02999999999997271516 0.03774083290000000007 15.00000000000000000000 3.00000000000000000000
547.17999999999994997779 0.04702045296400000213 15.00000000000000000000 3.00000000000000000000
550.00999999999999090505 0.00129355315599999940 15.00000000000000000000 3.00000000000000000000
554.52999999999997271516 0.00011166148900000000 15.00000000000000000000 3.00000000000000000000
564.76999999999998181011 0.07222118759999987536 15.00000000000000000000 3.00000000000000000000
595.08000000000004092726 0.01156420636899999077 15.00000000000000000000 3.00000000000000000000
654.25999999999999090505 1.22205507715599970275 15.00000000000000000000 3.00000000000000000000
654.71000000000003637979 0.00159177060899999947 15.00000000000000000000 3.00000000000000000000
655.49000000000000909495 0.10097014656400006560 15.00000000000000000000 3.00000000000000000000
675.75999999999999090505 0.02090597892100002839 15.00000000000000000000 3.00000000000000000000
696.69000000000005456968 0.01893706254399999192 15.00000000000000000000 3.00000000000000000000
712.38999999999998635758 0.37792862808100008420 15.00000000000000000000 3.00000000000000000000
718.79999999999995452526 0.35552121753599974507 15.00000000000000000000 3.00000000000000000000
723.32000000000005002221 0.00192896639999999889 15.00000000000000000000 3.00000000000000000000
738.01999999999998181011 0.03848894659600000240 15.00000000000000000000 3.00000000000000000000
743.15999999999996816769 0.10291713124899998233 15.00000000000000000000 3.00000000000000000000
747.24000000000000909495 0.00403466336100000069 15.00000000000000000000 3.00000000000000000000
758.52999999999997271516 0.02603608144899998214 15.00000000000000000000 3.00000000000000000000
803.82000000000005002221 1.38960244659599996275 15.00000000000000000000 3.00000000000000000000
805.44000000000005456968 0.64429036632899960857 15.00000000000000000000 3.00000000000000000000
814.69000000000005456968 0.02750091555600000376 15.00000000000000000000 3.00000000000000000000
823.95000000000004547474 0.01730671802499998690 15.00000000000000000000 3.00000000000000000000
827.12000000000000454747 0.00816727912899998902 15.00000000000000000000 3.00000000000000000000
829.63999999999998635758 0.16231874054400002860 15.00000000000000000000 3.00000000000000000000
839.15999999999996816769 0.32181680952099994686 15.00000000000000000000 3.00000000000000000000
841.73000000000001818989 0.10805420865599996150 15.00000000000000000000 3.00000000000000000000
842.89999999999997726263 1.65665730054400017757 15.00000000000000000000 3.00000000000000000000
860.00999999999999090505 0.22288879632099994899 15.00000000000000000000 3.00000000000000000000
864.76999999999998181011 5.35009390272899754137 15.00000000000000000000 3.00000000000000000000
868.53999999999996362021 0.96509600644899995459 15.00000000000000000000 3.00000000000000000000
881.75999999999999090505 0.08441116729600001145 15.00000000000000000000 3.00000000000000000000
888.38999999999998635758 0.00533133625599999540 15.00000000000000000000 3.00000000000000000000
897.00000000000000000000 0.17391735715599992984 15.00000000000000000000 3.00000000000000000000
931.67999999999994997779 0.09840580780900000379 15.00000000000000000000 3.00000000000000000000
950.20000000000004547474 0.00036427539600000010 15.00000000000000000000 3.00000000000000000000
956.49000000000000909495 0.00011378488900000025 15.00000000000000000000 3.00000000000000000000
957.86000000000001364242 0.06073168784399999437 15.00000000000000000000 3.00000000000000000000
964.14999999999997726263 0.00379911976899999530 15.00000000000000000000 3.00000000000000000000
976.72000000000002728484 0.49304973062499951597 15.00000000000000000000 3.00000000000000000000
979.05999999999994543032 0.00000190716100000000 15.00000000000000000000 3.00000000000000000000
979.25000000000000000000 0.04374330420099997729 15.00000000000000000000 3.00000000000000000000
981.50999999999999090505 0.01072695204099999994 15.00000000000000000000 3.00000000000000000000
1010.96000000000003637979 0.48087012870399958864 15.00000000000000000000 3.00000000000000000000
1019.60000000000002273737 0.00001649984399999972 15.00000000000000000000 3.00000000000000000000
1030.41000000000008185452 0.16455922428099994947 15.00000000000000000000 3.00000000000000000000
1030.52999999999997271516 0.16743727448099998689 15.00000000000000000000 3.00000000000000000000
1031.53999999999996362021 0.01196814120099999948 15.00000000000000000000 3.00000000000000000000
1033.39000000000010004442 0.72434397505599956713 15.00000000000000000000 3.00000000000000000000
1060.58999999999991814548 0.43449190559999922856 15.00000000000000000000 3.00000000000000000000
1088.42000000000007275958 0.59290616001600005003 15.00000000000000000000 3.00000000000000000000
1093.01999999999998181011 0.00553104564099999706 15.00000000000000000000 3.00000000000000000000
1109.00999999999999090505 0.00143042804100000122 15.00000000000000000000 3.00000000000000000000
1120.71000000000003637979 0.05446995854400000364 15.00000000000000000000 3.00000000000000000000
1123.27999999999997271516 0.02435409936399998351 15.00000000000000000000 3.00000000000000000000
1133.67000000000007275958 0.03992643385600001815 15.00000000000000000000 3.00000000000000000000
1148.19000000000005456968 0.25336826944900003866 15.00000000000000000000 3.00000000000000000000
1175.49000000000000909495 1.64170918926400033477 15.00000000000000000000 3.00000000000000000000
1181.34999999999990905053 0.89025452208899946704 15.00000000000000000000 3.00000000000000000000
1183.58999999999991814548 1.59267428814399969461 15.00000000000000000000 3.00000000000000000000
1186.58999999999991814548 0.01363406522499999857 15.00000000000000000000 3.00000000000000000000
1187.23000000000001818989 0.04427783892899997409 15.00000000000000000000 3.00000000000000000000
1191.84999999999990905053 0.85948659722500009295 15.00000000000000000000 3.00000000000000000000
1204.49000000000000909495 0.02741375604099997171 15.00000000000000000000 3.00000000000000000000
1213.89000000000010004442 0.27129409788099984047 15.00000000000000000000 3.00000000000000000000
1229.31999999999993633537 0.87247555609600002668 15.00000000000000000000 3.00000000000000000000
1230.36999999999989086064 2.90754334310399853436 15.00000000000000000000 3.00000000000000000000
1232.26999999999998181011 2.07349056144399979118 15.00000000000000000000 3.00000000000000000000
1245.96000000000003637979 1.46831140412099880876 15.00000000000000000000 3.00000000000000000000
1247.16000000000008185452 3.27013695590399988689 15.00000000000000000000 3.00000000000000000000
1248.52999999999997271516 2.31915740288399829794 15.00000000000000000000 3.00000000000000000000
1251.59999999999990905053 1.61658510249999998187 15.00000000000000000000 3.00000000000000000000
1257.09999999999990905053 0.13311917102499998267 15.00000000000000000000 3.00000000000000000000
1270.99000000000000909495 0.00002161320100000003 15.00000000000000000000 3.00000000000000000000
1288.41000000000008185452 0.00097063402499999974 15.00000000000000000000 3.00000000000000000000
1312.13000000000010913936 0.26267060019599980381 15.00000000000000000000 3.00000000000000000000
1329.22000000000002728484 0.27363256380099987286 15.00000000000000000000 3.00000000000000000000
1332.86999999999989086064 0.44635092902499967638 15.00000000000000000000 3.00000000000000000000
1337.96000000000003637979 0.02928684595600002105 15.00000000000000000000 3.00000000000000000000
1345.76999999999998181011 0.01673349216400000020 15.00000000000000000000 3.00000000000000000000
1350.32999999999992724042 0.04680645710400000575 15.00000000000000000000 3.00000000000000000000
1355.64000000000010004442 0.31469631648399998269 15.00000000000000000000 3.00000000000000000000
1356.61999999999989086064 0.05792638104099997326 15.00000000000000000000 3.00000000000000000000
1361.85999999999989995558 0.16776806402499988558 15.00000000000000000000 3.00000000000000000000
1364.00999999999999090505 0.07250310169600000798 15.00000000000000000000 3.00000000000000000000
1366.81999999999993633537 0.00644792940099999951 15.00000000000000000000 3.00000000000000000000
1383.18000000000006366463 0.83636877902399997531 15.00000000000000000000 3.00000000000000000000
1385.70000000000004547474 0.97830891902499994561 15.00000000000000000000 3.00000000000000000000
1410.61999999999989086064 0.41947642889999975369 15.00000000000000000000 3.00000000000000000000
1441.08999999999991814548 0.00207616922500000224 15.00000000000000000000 3.00000000000000000000
1463.04999999999995452526 0.00751879752099999469 15.00000000000000000000 3.00000000000000000000
1463.82999999999992724042 0.01552964592399999448 15.00000000000000000000 3.00000000000000000000
1464.14000000000010004442 0.00197553580899999985 15.00000000000000000000 3.00000000000000000000
1471.03999999999996362021 0.00045911632900000094 15.00000000000000000000 3.00000000000000000000
1472.66000000000008185452 0.16967231956899980760 15.00000000000000000000 3.00000000000000000000
1484.34999999999990905053 0.18271948684899996795 15.00000000000000000000 3.00000000000000000000
1486.03999999999996362021 0.15791165916099972333 15.00000000000000000000 3.00000000000000000000
1518.90000000000009094947 0.24298392835599999517 15.00000000000000000000 3.00000000000000000000
1531.72000000000002728484 0.00276528739599999880 15.00000000000000000000 3.00000000000000000000
1531.89000000000010004442 0.01755519001600000170 15.00000000000000000000 3.00000000000000000000
1532.40000000000009094947 0.00720104988100000055 15.00000000000000000000 3.00000000000000000000
1563.30999999999994543032 0.10074022081599989797 15.00000000000000000000 3.00000000000000000000
1576.47000000000002728484 0.25650780915599963317 15.00000000000000000000 3.00000000000000000000
1600.09999999999990905053 0.08821791022499991808 15.00000000000000000000 3.00000000000000000000
1623.38000000000010913936 0.39884277159999970142 15.00000000000000000000 3.00000000000000000000
1632.21000000000003637979 0.38577514766399972901 15.00000000000000000000 3.00000000000000000000
1632.76999999999998181011 0.84090917412099963624 15.00000000000000000000 3.00000000000000000000
1633.05999999999994543032 0.59537427602499992663 15.00000000000000000000 3.00000000000000000000
1633.36999999999989086064 0.12765900243600000752 15.00000000000000000000 3.00000000000000000000
1644.43000000000006366463 0.78976280659599951139 15.00000000000000000000 3.00000000000000000000
1644.96000000000003637979 0.36218851604100005259 15.00000000000000000000 3.00000000000000000000
1646.24000000000000909495 2.42404348035600003541 15.00000000000000000000 3.00000000000000000000
1666.06999999999993633537 1.27148175999999946129 15.00000000000000000000 3.00000000000000000000
